2.480000e+01 0.74338
2.510000e+01 0.74231
2.540000e+01 0.74120
2.570000e+01 0.74004
26 0.73882
2.630000e+01 0.73754
2.660000e+01 0.73620
2.690000e+01 0.73033
2.720000e+01 0.73344
2.750000e+01 0.73586
2.780000e+01 0.73769
2.810000e+01 0.73891
2.840000e+01 0.73865
2.870000e+01 0.73835
29 0.73805
2.930000e+01 0.73778
2.960000e+01 0.73759
2.990000e+01 0.73751
3.020000e+01 0.73728
3.050000e+01 0.73706
3.080000e+01 0.73685
3.110000e+01 0.73665
3.140000e+01 0.73646
3.170000e+01 0.73628
32 0.72636
3.230000e+01 0.72826
3.260000e+01 0.72991
3.290000e+01 0.73135
3.320000e+01 0.73255
3.350000e+01 0.73335
3.380000e+01 0.73396
3.410000e+01 0.73402
3.440000e+01 0.73406
3.470000e+01 0.73410
35 0.73416
3.530000e+01 0.73422
3.560000e+01 0.73430
3.590000e+01 0.73439
3.620000e+01 0.73449
3.650000e+01 0.73460
3.680000e+01 0.73471
3.710000e+01 0.73484
3.740000e+01 0.73496
3.770000e+01 0.73508
38 0.73521
3.830000e+01 0.73533
3.860000e+01 0.73545
3.890000e+01 0.73557
3.920000e+01 0.73569
3.950000e+01 0.73581
3.980000e+01 0.73593
4.010000e+01 0.73606
4.040000e+01 0.73619
4.070000e+01 0.73632
41 0.73644
4.130000e+01 0.73656
4.160000e+01 0.73668
4.190000e+01 0.73678
4.220000e+01 0.73689
4.250000e+01 0.73699
4.280000e+01 0.73710
4.310000e+01 0.73719
4.340000e+01 0.73728
4.370000e+01 0.73736
44 0.73743
4.430000e+01 0.73750
4.460000e+01 0.73757
4.490000e+01 0.73763
4.520000e+01 0.73767
4.550000e+01 0.73772
4.580000e+01 0.73775
4.610000e+01 0.73777
4.640000e+01 0.73779
4.670000e+01 0.73779
47 0.73778
4.730000e+01 0.73776
4.760000e+01 0.73772
4.790000e+01 0.73767
4.820000e+01 0.73761
4.850000e+01 0.73754
4.880000e+01 0.73745
4.910000e+01 0.73734
4.940000e+01 0.73722
4.970000e+01 0.73708
50 0.73692
5.030000e+01 0.73674
5.060000e+01 0.73654
5.090000e+01 0.73632
5.120000e+01 0.73607
5.150000e+01 0.73580
5.180000e+01 0.73550
5.210000e+01 0.73518
5.240000e+01 0.73483
5.270000e+01 0.73446
53 0.73407
5.330000e+01 0.73366
5.360000e+01 0.73322
5.390000e+01 0.73276
5.420000e+01 0.73228
5.450000e+01 0.73177
5.480000e+01 0.73124
5.510000e+01 0.73069
5.540000e+01 0.73011
5.570000e+01 0.72951
56 0.72889
5.630000e+01 0.72825
5.660000e+01 0.72759
5.690000e+01 0.72690
5.720000e+01 0.72619
5.750000e+01 0.72546
5.780000e+01 0.72471
5.810000e+01 0.72394
5.840000e+01 0.72314
5.870000e+01 0.72233
59 0.72149
5.930000e+01 0.72064
5.960000e+01 0.71976
5.990000e+01 0.71886
6.020000e+01 0.71795
6.050000e+01 0.71702
6.080000e+01 0.71606
6.110000e+01 0.71509
6.140000e+01 0.71409
6.170000e+01 0.71308
62 0.71205
6.230000e+01 0.71100
6.260000e+01 0.70994
6.290000e+01 0.70886
6.320000e+01 0.70776
6.350000e+01 0.70664
6.380000e+01 0.70551
6.410000e+01 0.70436
6.440000e+01 0.70320
6.470000e+01 0.70202
65 0.70082
6.530000e+01 0.69961
6.560000e+01 0.69838
6.590000e+01 0.69714
6.620000e+01 0.69588
6.650000e+01 0.69461
6.680000e+01 0.69333
6.710000e+01 0.69204
6.740000e+01 0.69074
6.770000e+01 0.68942
68 0.68809
6.830000e+01 0.68674
6.860000e+01 0.68539
6.890000e+01 0.68402
6.920000e+01 0.68264
6.950000e+01 0.68125
6.980000e+01 0.67985
7.010000e+01 0.67844
7.040000e+01 0.67701
7.070000e+01 0.67558
71 0.67414
7.130000e+01 0.67269
7.160000e+01 0.67123
7.190000e+01 0.66977
7.220000e+01 0.66829
7.250000e+01 0.66682
7.280000e+01 0.66533
7.310000e+01 0.66383
7.340000e+01 0.66232
7.370000e+01 0.66081
74 0.65929
7.430000e+01 0.65777
7.460000e+01 0.65624
7.490000e+01 0.65470
7.520000e+01 0.65316
7.550000e+01 0.65162
7.580000e+01 0.65006
7.610000e+01 0.64851
7.640000e+01 0.64695
7.670000e+01 0.64538
77 0.64381
7.730000e+01 0.64224
7.760000e+01 0.64067
7.790000e+01 0.63909
7.820000e+01 0.63750
7.850000e+01 0.63592
7.880000e+01 0.63433
7.910000e+01 0.63274
7.940000e+01 0.63115
7.970000e+01 0.62956
80 0.62796
8.030000e+01 0.62638
8.060000e+01 0.62479
8.090000e+01 0.62320
8.120000e+01 0.62161
8.150000e+01 0.62002
8.180000e+01 0.61842
8.210000e+01 0.61683
8.240000e+01 0.61524
8.270000e+01 0.61364
83 0.61205
8.330000e+01 0.61046
8.360000e+01 0.60887
8.390000e+01 0.60728
8.420000e+01 0.60569
8.450000e+01 0.60410
8.480000e+01 0.60251
8.510000e+01 0.60092
8.540000e+01 0.59933
8.570000e+01 0.59775
86 0.59616
8.630000e+01 0.59458
8.660000e+01 0.59300
8.690000e+01 0.59142
8.720000e+01 0.58984
8.750000e+01 0.58826
8.780000e+01 0.58669
8.810000e+01 0.58512
8.840000e+01 0.58355
8.870000e+01 0.58198
89 0.58042
8.930000e+01 0.57885
8.960000e+01 0.57729
8.990000e+01 0.57573
9.020000e+01 0.57418
9.050000e+01 0.57263
9.080000e+01 0.57108
9.110000e+01 0.56954
9.140000e+01 0.56799
9.170000e+01 0.56646
92 0.56492
9.230000e+01 0.56339
9.260000e+01 0.56186
9.290000e+01 0.56034
9.320000e+01 0.55881
9.350000e+01 0.55729
9.380000e+01 0.55578
9.410000e+01 0.55427
9.440000e+01 0.55276
9.470000e+01 0.55126
95 0.54976
9.530000e+01 0.54826
9.560000e+01 0.54677
9.590000e+01 0.54528
9.620000e+01 0.54380
9.650000e+01 0.54231
9.680000e+01 0.54084
9.710000e+01 0.53937
9.740000e+01 0.53790
9.770000e+01 0.53643
98 0.53497
9.830000e+01 0.53352
9.860000e+01 0.53207
9.890000e+01 0.53062
9.920000e+01 0.52919
9.950000e+01 0.52775
9.980000e+01 0.52632
1.001000e+02 0.52491
1.004000e+02 0.52353
1.007000e+02 0.52216
101 0.52079
1.013000e+02 0.51942
1.016000e+02 0.51806
1.019000e+02 0.51671
1.022000e+02 0.51536
1.025000e+02 0.51401
1.028000e+02 0.51267
1.031000e+02 0.51134
1.034000e+02 0.51001
1.037000e+02 0.50868
104 0.50736
1.043000e+02 0.50605
1.046000e+02 0.50474
1.049000e+02 0.50344
1.052000e+02 0.50214
1.055000e+02 0.50085
1.058000e+02 0.49956
1.061000e+02 0.49827
1.064000e+02 0.49700
1.067000e+02 0.49572
1.070000e+02 0.49445
1.073000e+02 0.49319
1.076000e+02 0.49193
1.079000e+02 0.49068
1.082000e+02 0.48943
1.085000e+02 0.48819
1.088000e+02 0.48695
1.091000e+02 0.48572
1.094000e+02 0.48449
1.097000e+02 0.48327
1.100000e+02 0.48205
1.103000e+02 0.48084
1.106000e+02 0.47963
1.109000e+02 0.47843
1.112000e+02 0.47724
1.115000e+02 0.47605
1.118000e+02 0.47486
1.121000e+02 0.47368
1.124000e+02 0.47250
1.127000e+02 0.47133
1.130000e+02 0.47016
1.133000e+02 0.46900
1.136000e+02 0.46784
1.139000e+02 0.46669
1.142000e+02 0.46554
1.145000e+02 0.46440
1.148000e+02 0.46326
1.151000e+02 0.46213
1.154000e+02 0.46100
1.157000e+02 0.45988
1.160000e+02 0.45876
1.163000e+02 0.45765
1.166000e+02 0.45654
1.169000e+02 0.45543
1.172000e+02 0.45433
1.175000e+02 0.45324
1.178000e+02 0.45215
1.181000e+02 0.45106
1.184000e+02 0.44998
1.187000e+02 0.44890
1.190000e+02 0.44783
1.193000e+02 0.44676
1.196000e+02 0.44570
1.199000e+02 0.44464
