3  0.0826244
3.5  13.56335
4  2417.121
4.5  22971.64
5  225425
5.5  595853.7
6  1.597595e+6
6.5  2.520328e+6
7  4.007952e+6
7.5  5.010441e+6
8  6.300708e+6
8.5  6.998404e+6
9  7.801580e+6
9.5  8.128204e+6
10  8.490744e+6
10.5  8.021758e+6
11  7.615359e+6
11.5  7.363269e+6
12  7.135893e+6
12.5  6.928813e+6
13  6.738715e+6
13.5  6.569733e+6
14  6.412624e+6
14.5  6.200121e+6
15  5.996536e+6
15.5  5.765888e+6
16  5.543995e+6
16.5  5.303979e+6
17  5.075724e+6
17.5  4.838600e+6
18  4.609879e+6
18.5  4.380300e+6
19  4.157897e+6
19.5  3.936758e+6
20  3.725011e+6
20.5  3.515397e+6
21  3.314270e+6
21.5  3.115083e+6
22  2.922919e+6
22.5  2.734298e+6
23  2.552009e+6
23.5  2.373320e+6
24  2.198329e+6
24.5  2.029125e+6
25  1.861692e+6
25.5  1.696789e+6
26  1.534742e+6
26.5  1.374197e+6
27  1.213259e+6
27.5  1.053783e+6
28  891073.9
28.5  719818.7
29  543724.3
29.5  343130.9
30  0
