4  241.776
4.5  3415.444
5  52376.28
5.5  174682.3
6  609678.1
6.5  1.127567e+6
7  2.133512e+6
7.5  2.984084e+6
8  4.230325e+6
8.5  5.108471e+6
9  6.225175e+6
9.5  6.888812e+6
10  7.665668e+6
10.5  6.458493e+6
11  5.571475e+6
11.5  5.356045e+6
12  5.166810e+6
12.5  5.148074e+6
13  5.142741e+6
13.5  5.267269e+6
14  5.413892e+6
14.5  5.469189e+6
15  5.532569e+6
15.5  5.538627e+6
16  5.558218e+6
16.5  5.510325e+6
17  5.475492e+6
17.5  5.393702e+6
18  5.319343e+6
18.5  5.217545e+6
19  5.116035e+6
19.5  4.995921e+6
20  4.882197e+6
20.5  4.751156e+6
21  4.628072e+6
21.5  4.490986e+6
22  4.359603e+6
22.5  4.223371e+6
23  4.087172e+6
23.5  3.948170e+6
24  3.814759e+6
24.5  3.677222e+6
25  3.546418e+6
25.5  3.411091e+6
26  3.280451e+6
26.5  3.152754e+6
27  3.024503e+6
27.5  2.898053e+6
28  2.776281e+6
28.5  2.653354e+6
29  2.536014e+6
29.5  2.417240e+6
30  2.301606e+6
30.5  2.190026e+6
31  2.077008e+6
31.5  1.966481e+6
32  1.859576e+6
32.5  1.751904e+6
33  1.648472e+6
33.5  1.543485e+6
34  1.439876e+6
34.5  1.339869e+6
35  1.236514e+6
35.5  1.134490e+6
36  1.034887e+6
36.5  931721.3
37  831364.2
37.5  727231.9
38  615501.7
38.5  506464.2
39  393807
39.5  218910.9
40  0
