5  3.011849
5.5  82.59807
6  2324.359
6.5  12670.93
7  69962.63
7.5  181311.9
8  473207.4
8.5  827180.2
9  1.452582e+6
9.5  2.040147e+6
10  2.874323e+6
10.5  3.116695e+6
11  3.410741e+6
11.5  3.752570e+6
12  4.137654e+6
12.5  4.476107e+6
13  4.849442e+6
13.5  5.202610e+6
14  5.599253e+6
14.5  5.843120e+6
15  6.108854e+6
15.5  6.266094e+6
16  6.433488e+6
16.5  6.503176e+6
17  6.578269e+6
17.5  6.579824e+6
18  6.584899e+6
18.5  6.536819e+6
19  6.491708e+6
19.5  6.408375e+6
20  6.327979e+6
20.5  6.219614e+6
21  6.114379e+6
21.5  5.989902e+6
22  5.868740e+6
22.5  5.734092e+6
23  5.602905e+6
23.5  5.462650e+6
24  5.325929e+6
24.5  5.182667e+6
25  5.042991e+6
25.5  4.901993e+6
26  4.764427e+6
26.5  4.626044e+6
27  4.490962e+6
27.5  4.353983e+6
28  4.225850e+6
28.5  4.092583e+6
29  3.964513e+6
29.5  3.837863e+6
30  3.714067e+6
30.5  3.592804e+6
31  3.474186e+6
31.5  3.357555e+6
32  3.243401e+6
32.5  3.131820e+6
33  3.022532e+6
33.5  2.915547e+6
34  2.810692e+6
34.5  2.708255e+6
35  2.607793e+6
35.5  2.509151e+6
36  2.412371e+6
36.5  2.318281e+6
37  2.225865e+6
37.5  2.135065e+6
38  2.045841e+6
38.5  1.958465e+6
39  1.872548e+6
39.5  1.788415e+6
40  1.705625e+6
40.5  1.624142e+6
41  1.543905e+6
41.5  1.464610e+6
42  1.386476e+6
42.5  1.309144e+6
43  1.232885e+6
43.5  1.156916e+6
44  1.081942e+6
44.5  1.006717e+6
45  932430.2
45.5  857351.5
46  783160.1
46.5  707566.3
47  632771.6
47.5  550920.3
48  469966.2
48.5  391088.9
49  312287
49.5  154691.6
50  0