5.5  151382.2
6  540626.4
6.5  1.020570e+6
7  1.995792e+6
7.5  2.864127e+6
8  4.198623e+6
8.5  5.210305e+6
9  6.559611e+6
9.5  7.441025e+6
10  8.520611e+6
10.5  6.720518e+6
11  5.549104e+6
11.5  5.311651e+6
12  5.103975e+6
12.5  5.131901e+6
13  5.168699e+6
13.5  5.400330e+6
14  5.668468e+6
14.5  5.835925e+6
15  6.026188e+6
15.5  6.155594e+6
16  6.302991e+6
16.5  6.367535e+6
17  6.450227e+6
17.5  6.466385e+6
18  6.497434e+6
18.5  6.475779e+6
19  6.467603e+6
19.5  6.416745e+6
20  6.378851e+6
20.5  6.304120e+6
21  6.242281e+6
21.5  6.151973e+6
22  6.070679e+6
22.5  5.965348e+6
23  5.865558e+6
23.5  5.754593e+6
24  5.645065e+6
24.5  5.528802e+6
25  5.412834e+6
25.5  5.294360e+6
26  5.175081e+6
26.5  5.056115e+6
27  4.936971e+6
27.5  4.814022e+6
28  4.696568e+6
28.5  4.575220e+6
29  4.459830e+6
29.5  4.340477e+6
30  4.227690e+6
30.5  4.111244e+6
31  4.001961e+6
31.5  3.887372e+6
32  3.780496e+6
32.5  3.671420e+6
33  3.565868e+6
33.5  3.462644e+6
34  3.360784e+6
34.5  3.260770e+6
35  3.161198e+6
35.5  3.064214e+6
36  2.966930e+6
36.5  2.875350e+6
37  2.782455e+6
37.5  2.694183e+6
38  2.605026e+6
38.5  2.517730e+6
39  2.432806e+6
39.5  2.348083e+6
40  2.266431e+6
40.5  2.184545e+6
41  2.106263e+6
41.5  2.026654e+6
42  1.951288e+6
42.5  1.873873e+6
43  1.801349e+6
43.5  1.727100e+6
44  1.654875e+6
44.5  1.583643e+6
45  1.512936e+6
45.5  1.443788e+6
46  1.374208e+6
46.5  1.307015e+6
47  1.238383e+6
47.5  1.172943e+6
48  1.104810e+6
48.5  1.040823e+6
49  973860.2
49.5  908545.9
50  842471.7
50.5  776552.9
51  710637.7
51.5  643503.9
52  574830.1
52.5  501455.4
53  432253.8
53.5  359342.7
54  279814.3
54.5  137416.6
55  0
