2.2  3.989470e-17
2.7  1.528915e-7
3.2  0.6860361
3.7  109.799
4.2  5713.793
4.7  52317.89
5.2  289829.5
5.7  742742.4
6.2  1.558205e+6
6.7  2.396188e+6
7.2  3.374897e+6
7.7  4.140783e+6
8.2  4.855855e+6
8.7  5.304418e+6
9.2  5.655569e+6
9.7  5.804547e+6
10.2  5.785537e+6
10.7  5.517395e+6
11.2  5.281284e+6
11.7  5.063567e+6
12.2  4.848979e+6
12.7  4.629995e+6
13.2  4.415575e+6
13.7  4.202481e+6
14.2  3.976077e+6
14.7  3.740977e+6
15.2  3.504722e+6
15.7  3.263076e+6
16.2  3.023777e+6
16.7  2.784315e+6
17.2  2.549299e+6
17.7  2.313389e+6
18.2  2.076925e+6
18.7  1.844236e+6
19.2  1.613055e+6
19.7  1.381067e+6
20.2  1.146575e+6
20.7  907944.2
21.2  641426.8
21.7  312411
