1000.00  0.000248249
      3010.10 2.72444e-005
      5020.20 9.70443e-006
      7030.30 4.92732e-006
      9040.40 2.97378e-006
      11050.5 1.98786e-006
      13060.6 1.42195e-006
      15070.7 1.06736e-006
      17080.8 8.30610e-007
      19090.9 6.64722e-007
      21101.0 5.43995e-007
      23111.1 4.53408e-007
      25121.2 3.83702e-007
      27131.3 3.28918e-007
      29141.4 2.85083e-007
      31151.5 2.49461e-007
      33161.6 2.20123e-007
      35171.7 1.95671e-007
      37181.8 1.75078e-007
      39191.9 1.57574e-007
      41202.0 1.42569e-007
      43212.1 1.29611e-007
      45222.2 1.18341e-007
      47232.3 1.08481e-007
      49242.4 9.98029e-008
      51252.5 9.21265e-008
      53262.6 8.53029e-008
      55272.7 7.92101e-008
      57282.8 7.37475e-008
      59292.9 6.88312e-008
      61303.0 6.43907e-008
      63313.1 6.03664e-008
      65323.2 5.67079e-008
      67333.3 5.33722e-008
      69343.4 5.03225e-008
      71353.5 4.75268e-008
      73363.6 4.49578e-008
      75373.7 4.25916e-008
      77383.8 4.04074e-008
      79393.9 3.83871e-008
      81404.0 3.65145e-008
      83414.1 3.47758e-008
      85424.2 3.31583e-008
      87434.3 3.16511e-008
      89444.4 3.02444e-008
      91454.5 2.89294e-008
      93464.6 2.76983e-008
      95474.8 2.65442e-008
      97484.9 2.54608e-008
      99494.9 2.44423e-008
      101505. 2.34838e-008
      103515. 2.25806e-008
      105525. 2.17285e-008
      107535. 2.09237e-008
      109545. 2.01628e-008
      111556. 1.94427e-008
      113566. 1.87605e-008
      115576. 1.81136e-008
      117586. 1.74995e-008
      119596. 1.69162e-008
      121606. 1.63615e-008
      123616. 1.58337e-008
      125626. 1.53311e-008
      127636. 1.48519e-008
      129646. 1.43949e-008
      131657. 1.39587e-008
      133667. 1.35420e-008
      135677. 1.31437e-008
      137687. 1.27627e-008
      139697. 1.23980e-008
      141707. 1.20488e-008
      143717. 1.17141e-008
      145727. 1.13931e-008
      147737. 1.10852e-008
      149747. 1.07895e-008
      151758. 1.05056e-008
      153768. 1.02327e-008
      155778. 9.97029e-009
      157788. 9.71786e-009
      159798. 9.47490e-009
      161808. 9.24093e-009
      163818. 9.01553e-009
      165828. 8.79827e-009
      167838. 8.58877e-009
      169848. 8.38666e-009
      171859. 8.19161e-009
      173869. 8.00328e-009
      175879. 7.82137e-009
      177889. 7.64559e-009
      179899. 7.47568e-009
      181909. 7.31136e-009
      183919. 7.15240e-009
      185929. 6.99857e-009
      187939. 6.84965e-009
      189950. 6.70544e-009
      191960. 6.56573e-009
      193970. 6.43034e-009
      195980. 6.29909e-009
      197990. 6.17183e-009
      200000. 6.04838e-009