      1000.00  0.000415242
      3010.10 4.52136e-005
      5020.20 1.63544e-005
      7030.30 8.38612e-006
      9040.40 5.06578e-006
      11050.5 3.38518e-006
      13060.6 2.42015e-006
      15070.7 1.81569e-006
      17080.8 1.41231e-006
      19090.9 1.12981e-006
      21101.0 9.24308e-007
      23111.1 7.70175e-007
      25121.2 6.51614e-007
      27131.3 5.58467e-007
      29141.4 4.83956e-007
      31151.5 4.23402e-007
      33161.6 3.73559e-007
      35171.7 3.32025e-007
      37181.8 2.97052e-007
      39191.9 2.67329e-007
      41202.0 2.41855e-007
      43212.1 2.19856e-007
      45222.2 2.00727e-007
      47232.3 1.83991e-007
      49242.4 1.69265e-007
      51252.5 1.56238e-007
      53262.6 1.44660e-007
      55272.7 1.34322e-007
      57282.8 1.25055e-007
      59292.9 1.16714e-007
      61303.0 1.09181e-007
      63313.1 1.02355e-007
      65323.2 9.61495e-008
      67333.3 9.04915e-008
      69343.4 8.53188e-008
      71353.5 8.05774e-008
      73363.6 7.62205e-008
      75373.7 7.22076e-008
      77383.8 6.85035e-008
      79393.9 6.50773e-008
      81404.0 6.19020e-008
      83414.1 5.89535e-008
      85424.2 5.62107e-008
      87434.3 5.36551e-008
      89444.4 5.12698e-008
      91454.5 4.90402e-008
      93464.6 4.69529e-008
      95474.8 4.49961e-008
      97484.9 4.31591e-008
      99494.9 4.14323e-008
      101505. 3.98074e-008
      103515. 3.82762e-008
      105525. 3.68316e-008
      107535. 3.54673e-008
      109545. 3.41775e-008
      111556. 3.29567e-008
      113566. 3.18002e-008
      115576. 3.07035e-008
      117586. 2.96625e-008
      119596. 2.86736e-008
      121606. 2.77334e-008
      123616. 2.68386e-008
      125626. 2.59865e-008
      127636. 2.51743e-008
      129646. 2.43996e-008
      131657. 2.36600e-008
      133667. 2.29537e-008
      135677. 2.22784e-008
      137687. 2.16326e-008
      139697. 2.10144e-008
      141707. 2.04223e-008
      143717. 1.98549e-008
      145727. 1.93108e-008
      147737. 1.87888e-008
      149747. 1.82877e-008
      151758. 1.78063e-008
      153768. 1.73437e-008
      155778. 1.68989e-008
      157788. 1.64710e-008
      159798. 1.60592e-008
      161808. 1.56625e-008
      163818. 1.52804e-008
      165828. 1.49121e-008
      167838. 1.45570e-008
      169848. 1.42144e-008
      171859. 1.38838e-008
      173869. 1.35645e-008
      175879. 1.32562e-008
      177889. 1.29582e-008
      179899. 1.26702e-008
      181909. 1.23916e-008
      183919. 1.21222e-008
      185929. 1.18614e-008
      187939. 1.16090e-008
      189950. 1.13645e-008
      191960. 1.11277e-008
      193970. 1.08982e-008
      195980. 1.06757e-008
      197990. 1.04600e-008
      200000. 1.02507e-008