      5000.00 2.82594e-005
      5959.60 2.27173e-005
      6919.19 1.74819e-005
      7878.79 1.36742e-005
      8838.38 1.09284e-005
      9797.98 8.90984e-006
      10757.6 7.39176e-006
      11717.2 6.22523e-006
      12676.8 5.31132e-006
      13636.4 4.58288e-006
      14596.0 3.99339e-006
      15555.6 3.50988e-006
      16515.2 3.10854e-006
      17474.7 2.77183e-006
      18434.3 2.48662e-006
      19393.9 2.24293e-006
      20353.5 2.03309e-006
      21313.1 1.85108e-006
      22272.7 1.69218e-006
      23232.3 1.55261e-006
      24191.9 1.42931e-006
      25151.5 1.31982e-006
      26111.1 1.22206e-006
      27070.7 1.13433e-006
      28030.3 1.05520e-006
      28989.9 9.83385e-007
      29949.5 9.17694e-007
      30909.1 8.56361e-007
      31868.7 7.98359e-007
      32828.3 7.34879e-007
      33787.9 7.03965e-007
      34747.5 6.78170e-007
      35707.1 6.48156e-007
      36666.7 6.18570e-007
      37626.3 5.90101e-007
      38585.9 5.63047e-007
      39545.5 5.37517e-007
      40505.1 5.13515e-007
      41464.6 4.90950e-007
      42424.2 4.69742e-007
      43383.8 4.49815e-007
      44343.4 4.31063e-007
      45303.0 4.13419e-007
      46262.6 3.96793e-007
      47222.2 3.81117e-007
      48181.8 3.66328e-007
      49141.4 3.52363e-007
      50101.0 3.39168e-007
      51060.6 3.26684e-007
      52020.2 3.14861e-007
      52979.8 3.03657e-007
      53939.4 2.93031e-007
      54899.0 2.82944e-007
      55858.6 2.73363e-007
      56818.2 2.64256e-007
      57777.8 2.55591e-007
      58737.4 2.47343e-007
      59697.0 2.39484e-007
      60656.6 2.31992e-007
      61616.2 2.24842e-007
      62575.8 2.18015e-007
      63535.4 2.11491e-007
      64494.9 2.05254e-007
      65454.5 1.99287e-007
      66414.1 1.93574e-007
      67373.7 1.88102e-007
      68333.3 1.82857e-007
      69292.9 1.77827e-007
      70252.5 1.73002e-007
      71212.1 1.68368e-007
      72171.7 1.63918e-007
      73131.3 1.59641e-007
      74090.9 1.55528e-007
      75050.5 1.51573e-007
      76010.1 1.47765e-007
      76969.7 1.44099e-007
      77929.3 1.40566e-007
      78888.9 1.37162e-007
      79848.5 1.33880e-007
      80808.1 1.30713e-007
      81767.7 1.27657e-007
      82727.3 1.24707e-007
      83686.9 1.21858e-007
      84646.5 1.19104e-007
      85606.1 1.16443e-007
      86565.7 1.13870e-007
      87525.3 1.11381e-007
      88484.9 1.08972e-007
      89444.4 1.06641e-007
      90404.0 1.04384e-007
      91363.6 1.02197e-007
      92323.2 1.00078e-007
      93282.8 9.80243e-008
      94242.4 9.60332e-008
      95202.0 9.41018e-008
      96161.6 9.22281e-008
      97121.2 9.04097e-008
      98080.8 8.86445e-008
      99040.4 8.69305e-008
      100000. 8.52655e-008