1000.00  0.000276929
      3010.10 2.99074e-005
      5020.20 1.06595e-005
      7030.30 5.41691e-006
      9040.40 3.27037e-006
      11050.5 2.18673e-006
      13060.6 1.56450e-006
      15070.7 1.17453e-006
      17080.8 9.14096e-007
      19090.9 7.31590e-007
      21101.0 5.98754e-007
      23111.1 4.99071e-007
      25121.2 4.22360e-007
      27131.3 3.62069e-007
      29141.4 3.13823e-007
      31151.5 2.74615e-007
      33161.6 2.42323e-007
      35171.7 2.15408e-007
      37181.8 1.92741e-007
      39191.9 1.73473e-007
      41202.0 1.56956e-007
      43212.1 1.42691e-007
      45222.2 1.30285e-007
      47232.3 1.19430e-007
      49242.4 1.09877e-007
      51252.5 1.01427e-007
      53262.6 9.39146e-008
      55272.7 8.72071e-008
      57282.8 8.11934e-008
      59292.9 7.57810e-008
      61303.0 7.08923e-008
      63313.1 6.64619e-008
      65323.2 6.24342e-008
      67333.3 5.87618e-008
      69343.4 5.54042e-008
      71353.5 5.23264e-008
      73363.6 4.94980e-008
      75373.7 4.68930e-008
      77383.8 4.44883e-008
      79393.9 4.22640e-008
      81404.0 4.02024e-008
      83414.1 3.82880e-008
      85424.2 3.65072e-008
      87434.3 3.48478e-008
      89444.4 3.32991e-008
      91454.5 3.18513e-008
      93464.6 3.04960e-008
      95474.8 2.92253e-008
      97484.9 2.80325e-008
      99494.9 2.69112e-008
      101505. 2.58558e-008
      103515. 2.48614e-008
      105525. 2.39232e-008
      107535. 2.30372e-008
      109545. 2.21994e-008
      111556. 2.14066e-008
      113566. 2.06555e-008
      115576. 1.99432e-008
      117586. 1.92671e-008
      119596. 1.86249e-008
      121606. 1.80142e-008
      123616. 1.74331e-008
      125626. 1.68796e-008
      127636. 1.63521e-008
      129646. 1.58490e-008
      131657. 1.53687e-008
      133667. 1.49099e-008
      135677. 1.44714e-008
      137687. 1.40519e-008
      139697. 1.36504e-008
      141707. 1.32658e-008
      143717. 1.28973e-008
      145727. 1.25439e-008
      147737. 1.22049e-008
      149747. 1.18794e-008
      151758. 1.15668e-008
      153768. 1.12663e-008
      155778. 1.09774e-008
      157788. 1.06995e-008
      159798. 1.04320e-008
      161808. 1.01744e-008
      163818. 9.92623e-009
      165828. 9.68703e-009
      167838. 9.45637e-009
      169848. 9.23385e-009
      171859. 9.01910e-009
      173869. 8.81175e-009
      175879. 8.61146e-009
      177889. 8.41793e-009
      179899. 8.23085e-009
      181909. 8.04994e-009
      183919. 7.87493e-009
      185929. 7.70556e-009
      187939. 7.54160e-009
      189950. 7.38281e-009
      191960. 7.22899e-009
      193970. 7.07993e-009
      195980. 6.93543e-009
      197990. 6.79530e-009
      200000. 6.65939e-009