 1000.00  0.000434746
      3010.10 4.96927e-005
      5020.20 1.76454e-005
      7030.30 8.94707e-006
      9040.40 5.39485e-006
      11050.5 3.60448e-006
      13060.6 2.57753e-006
      15070.7 1.93437e-006
      17080.8 1.50508e-006
      19090.9 1.20436e-006
      21101.0 9.85538e-007
      23111.1 8.21370e-007
      25121.2 6.95057e-007
      27131.3 5.95794e-007
      29141.4 5.16375e-007
      31151.5 4.51839e-007
      33161.6 3.98688e-007
      35171.7 3.54394e-007
      37181.8 3.17092e-007
      39191.9 2.85385e-007
      41202.0 2.58207e-007
      43212.1 2.34735e-007
      45222.2 2.14323e-007
      47232.3 1.96463e-007
      49242.4 1.80746e-007
      51252.5 1.66842e-007
      53262.6 1.54484e-007
      55272.7 1.43449e-007
      57282.8 1.33555e-007
      59292.9 1.24652e-007
      61303.0 1.16609e-007
      63313.1 1.09321e-007
      65323.2 1.02695e-007
      67333.3 9.66542e-008
      69343.4 9.11309e-008
      71353.5 8.60680e-008
      73363.6 8.14155e-008
      75373.7 7.71303e-008
      77383.8 7.31747e-008
      79393.9 6.95159e-008
      81404.0 6.61248e-008
      83414.1 6.29759e-008
      85424.2 6.00467e-008
      87434.3 5.73171e-008
      89444.4 5.47696e-008
      91454.5 5.23882e-008
      93464.6 5.01589e-008
      95474.8 4.80689e-008
      97484.9 4.61068e-008
      99494.9 4.42624e-008
      101505. 4.25266e-008
      103515. 4.08909e-008
      105525. 3.93477e-008
      107535. 3.78903e-008
      109545. 3.65124e-008
      111556. 3.52083e-008
      113566. 3.39728e-008
      115576. 3.28013e-008
      117586. 3.16893e-008
      119596. 3.06329e-008
      121606. 2.96284e-008
      123616. 2.86726e-008
      125626. 2.77623e-008
      127636. 2.68946e-008
      129646. 2.60670e-008
      131657. 2.52770e-008
      133667. 2.45224e-008
      135677. 2.38011e-008
      137687. 2.31111e-008
      139697. 2.24507e-008
      141707. 2.18182e-008
      143717. 2.12121e-008
      145727. 2.06309e-008
      147737. 2.00732e-008
      149747. 1.95378e-008
      151758. 1.90236e-008
      153768. 1.85294e-008
      155778. 1.80543e-008
      157788. 1.75971e-008
      159798. 1.71571e-008
      161808. 1.67334e-008
      163818. 1.63252e-008
      165828. 1.59318e-008
      167838. 1.55524e-008
      169848. 1.51864e-008
      171859. 1.48332e-008
      173869. 1.44921e-008
      175879. 1.41627e-008
      177889. 1.38444e-008
      179899. 1.35367e-008
      181909. 1.32391e-008
      183919. 1.29513e-008
      185929. 1.26727e-008
      187939. 1.24030e-008
      189950. 1.21419e-008
      191960. 1.18889e-008
      193970. 1.16437e-008
      195980. 1.14060e-008
      197990. 1.11756e-008
      200000. 1.09520e-008