1000.00  0.000235687
      3010.10 2.59818e-005
      5020.20 9.24504e-006
      7030.30 4.69330e-006
      9040.40 2.83187e-006
      11050.5 1.89287e-006
      13060.6 1.35395e-006
      15070.7 1.01630e-006
      17080.8 7.90867e-007
      19090.9 6.32911e-007
      21101.0 5.17960e-007
      23111.1 4.31706e-007
      25121.2 3.65336e-007
      27131.3 3.13174e-007
      29141.4 2.71437e-007
      31151.5 2.37520e-007
      33161.6 2.09586e-007
      35171.7 1.86304e-007
      37181.8 1.66697e-007
      39191.9 1.50031e-007
      41202.0 1.35745e-007
      43212.1 1.23406e-007
      45222.2 1.12676e-007
      47232.3 1.03288e-007
      49242.4 9.50254e-008
      51252.5 8.77164e-008
      53262.6 8.12195e-008
      55272.7 7.54184e-008
      57282.8 7.02173e-008
      59292.9 6.55364e-008
      61303.0 6.13084e-008
      63313.1 5.74768e-008
      65323.2 5.39934e-008
      67333.3 5.08174e-008
      69343.4 4.79136e-008
      71353.5 4.52518e-008
      73363.6 4.28058e-008
      75373.7 4.05528e-008
      77383.8 3.84732e-008
      79393.9 3.65495e-008
      81404.0 3.47667e-008
      83414.1 3.31111e-008
      85424.2 3.15711e-008
      87434.3 3.01360e-008
      89444.4 2.87966e-008
      91454.5 2.75446e-008
      93464.6 2.63725e-008
      95474.8 2.52736e-008
      97484.9 2.42420e-008
      99494.9 2.32723e-008
      101505. 2.23597e-008
      103515. 2.14997e-008
      105525. 2.06884e-008
      107535. 1.99221e-008
      109545. 1.91977e-008
      111556. 1.85120e-008
      113566. 1.78625e-008
      115576. 1.72465e-008
      117586. 1.66619e-008
      119596. 1.61065e-008
      121606. 1.55784e-008
      123616. 1.50758e-008
      125626. 1.45972e-008
      127636. 1.41410e-008
      129646. 1.37059e-008
      131657. 1.32906e-008
      133667. 1.28938e-008
      135677. 1.25146e-008
      137687. 1.21518e-008
      139697. 1.18046e-008
      141707. 1.14720e-008
      143717. 1.11534e-008
      145727. 1.08478e-008
      147737. 1.05546e-008
      149747. 1.02731e-008
      151758. 1.00027e-008
      153768. 9.74290e-009
      155778. 9.49307e-009
      157788. 9.25272e-009
      159798. 9.02139e-009
      161808. 8.79862e-009
      163818. 8.58400e-009
      165828. 8.37715e-009
      167838. 8.17767e-009
      169848. 7.98524e-009
      171859. 7.79953e-009
      173869. 7.62021e-009
      175879. 7.44701e-009
      177889. 7.27965e-009
      179899. 7.11786e-009
      181909. 6.96141e-009
      183919. 6.81007e-009
      185929. 6.66360e-009
      187939. 6.52181e-009
      189950. 6.38449e-009
      191960. 6.25147e-009
      193970. 6.12256e-009
      195980. 5.99760e-009
      197990. 5.87643e-009
      200000. 5.75888e-009